1 0.155986
2 0.0627296
3 0.0319276
4 0.0184891
5 0.0116178
6 0.00772327
7 0.00535042
8 0.00382519
9 0.00280355
10 0.0020965
11 0.001594
12 0.00122895
13 0.000958816
14 0.000755752
15 0.000601025
16 0.000481731
17 0.000388802
18 0.000315745
19 0.000257843
20 0.000211615
21 0.000174466
22 0.000144434
23 0.000120026
24 0.000100089
25 8.37319e-05
26 7.02556e-05
27 5.91103e-05
28 4.98601e-05
29 4.21578e-05
30 3.57246e-05
31 3.03362e-05
32 2.58109e-05
33 2.20011e-05
34 1.87861e-05
35 1.60671e-05
36 1.37629e-05
37 1.18064e-05
38 1.01421e-05
39 8.7238e-06
40 7.51326e-06
41 6.4784e-06
42 5.59243e-06
43 4.83284e-06
44 4.18074e-06
45 3.62021e-06
46 3.13779e-06
47 2.72212e-06
48 2.36357e-06
49 2.05396e-06
50 1.78633e-06
51 1.55477e-06
52 1.35423e-06
53 1.18039e-06
54 1.02958e-06
55 8.98625e-07
56 7.84829e-07
57 6.85866e-07
58 5.99739e-07
59 5.24728e-07
60 4.59354e-07
61 4.02341e-07
62 3.52588e-07
63 3.09143e-07
64 2.71183e-07
65 2.37997e-07
66 2.08969e-07
67 1.83562e-07
68 1.61314e-07
69 1.41823e-07
70 1.24737e-07
71 1.09753e-07
72 9.66069e-08
73 8.50669e-08
74 7.49329e-08
75 6.60295e-08
76 5.82042e-08
77 5.13236e-08
78 4.52713e-08
79 3.99455e-08
80 3.52572e-08
81 3.11287e-08
82 2.74918e-08
83 2.42869e-08
84 2.14616e-08
85 1.89703e-08
86 1.67727e-08
87 1.48336e-08
88 1.31221e-08
89 1.1611e-08
90 1.02764e-08
91 9.09743e-09
92 8.05562e-09
93 7.13476e-09
94 6.32061e-09
95 5.60059e-09
96 4.96368e-09
97 4.40013e-09
98 3.90138e-09
99 3.45986e-09
100 3.06893e-09
101 2.7227e-09
102 2.41599e-09
103 2.14424e-09
104 1.90341e-09
105 1.68994e-09
106 1.50067e-09
107 1.33283e-09
108 1.18397e-09
109 1.05191e-09
110 9.34736e-10
111 8.30748e-10
112 7.38446e-10
113 6.56503e-10
114 5.83742e-10
115 5.19124e-10
116 4.61728e-10
117 4.10738e-10
118 3.65431e-10
119 3.25168e-10
120 2.89381e-10
121 2.57568e-10
122 2.29283e-10
123 2.04131e-10
124 1.81762e-10
125 1.61865e-10
126 1.44164e-10
127 1.28415e-10
128 1.144e-10
129 1.01927e-10
130 9.08245e-11
131 8.0941e-11
132 7.21412e-11
133 6.43055e-11
134 5.73272e-11
135 5.11117e-11
136 4.55751e-11
137 4.06426e-11
138 3.62477e-11
139 3.23314e-11
140 2.88412e-11
141 2.57303e-11
142 2.29573e-11
143 2.04851e-11
144 1.82809e-11
145 1.63154e-11
146 1.45626e-11
147 1.29994e-11
148 1.16049e-11
149 1.0361e-11
150 9.2513e-12
151 8.26114e-12
152 7.3776e-12
153 6.58911e-12
154 5.88539e-12
155 5.25727e-12
156 4.69657e-12
157 4.19601e-12
158 3.7491e-12
159 3.35005e-12
160 2.99372e-12
161 2.67549e-12
162 2.39127e-12
163 2.1374e-12
164 1.91063e-12
165 1.70804e-12
166 1.52705e-12
167 1.36533e-12
168 1.22082e-12
169 1.09169e-12
170 9.76283e-13
171 8.73135e-13
172 7.80938e-13
173 6.98523e-13
174 6.24847e-13
175 5.58979e-13
176 5.00086e-13
177 4.47426e-13
178 4.00337e-13
179 3.58227e-13
180 3.20565e-13
181 2.86881e-13
182 2.56751e-13
183 2.298e-13
184 2.05689e-13
185 1.8412e-13
186 1.64821e-13
187 1.47554e-13
188 1.32103e-13
189 1.18277e-13
190 1.05904e-13
191 9.48303e-14
192 8.49191e-14
193 7.60479e-14
194 6.8107e-14
195 6.09985e-14
196 5.46348e-14
197 4.89376e-14
198 4.38366e-14
199 3.92694e-14
200 3.51797e-14
201 3.15175e-14
202 2.8238e-14
203 2.53009e-14
204 2.26704e-14
205 2.03143e-14
206 1.8204e-14
207 1.63137e-14
208 1.46203e-14
209 1.31033e-14
210 1.17442e-14
211 1.05266e-14
212 9.43565e-15
213 8.45812e-15
214 7.5822e-15
215 6.79728e-15
216 6.09388e-15
217 5.4635e-15
218 4.89853e-15
219 4.39217e-15
220 3.93832e-15
221 3.53151e-15
222 3.16684e-15
223 2.83995e-15
224 2.5469e-15
225 2.28419e-15
226 2.04865e-15
227 1.83747e-15
228 1.64812e-15
229 1.47834e-15
230 1.3261e-15
231 1.18959e-15
232 1.06716e-15
233 9.57372e-16
234 8.5891e-16
235 7.70601e-16
236 6.91397e-16
237 6.20356e-16
238 5.56634e-16
239 4.99475e-16
240 4.48201e-16
241 4.02204e-16
242 3.6094e-16
243 3.23921e-16
244 2.90708e-16
245 2.60909e-16
246 2.34172e-16
247 2.10183e-16
248 1.88657e-16
249 1.69341e-16
250 1.52007e-16
251 1.36452e-16
252 1.22493e-16
253 1.09965e-16
254 9.8722e-17
255 8.86308e-17
256 7.95736e-17
257 7.14441e-17
258 6.41471e-17
259 5.7597e-17
260 5.17174e-17
261 4.64393e-17
262 4.17011e-17
263 3.74474e-17
264 3.36285e-17
265 3.02e-17
266 2.71218e-17
267 2.4358e-17
268 2.18765e-17
269 1.96483e-17
270 1.76475e-17
271 1.5851e-17
272 1.42377e-17
273 1.27889e-17
274 1.14879e-17
275 1.03195e-17
276 9.27015e-18
277 8.32774e-18
278 7.48133e-18
279 6.72112e-18
280 6.03832e-18
281 5.42501e-18
282 4.87413e-18
283 4.37929e-18
284 3.93478e-18
285 3.53549e-18
286 3.17679e-18
287 2.85455e-18
288 2.56506e-18
289 2.30498e-18
290 2.07132e-18
291 1.8614e-18
292 1.67278e-18
293 1.50332e-18
294 1.35105e-18
295 1.21424e-18
296 1.0913e-18
297 9.80834e-19
298 8.81569e-19
299 7.92367e-19
300 7.12208e-19
301 6.40171e-19
302 5.75434e-19
303 5.17254e-19
304 4.64967e-19
305 4.17974e-19
306 3.75739e-19
307 3.37778e-19
308 3.0366e-19
309 2.72993e-19
310 2.45428e-19
311 2.20651e-19
312 1.9838e-19
313 1.7836e-19
314 1.60364e-19
315 1.44186e-19
316 1.29643e-19
317 1.16569e-19
318 1.04816e-19
319 9.42497e-20
320 8.47502e-20
321 7.62096e-20
322 6.85309e-20
323 6.16272e-20
324 5.54199e-20
325 4.98389e-20
326 4.48207e-20
327 4.03085e-20
328 3.62513e-20
329 3.2603e-20
330 2.93224e-20
331 2.63725e-20
332 2.37197e-20
333 2.13341e-20
334 1.91888e-20
335 1.72596e-20
336 1.55246e-20
337 1.39642e-20
338 1.25609e-20
339 1.12988e-20
340 1.01637e-20
341 9.14282e-21
342 8.22459e-21
343 7.39872e-21
