1 0.150545
2 0.0547803
3 0.0252283
4 0.0132193
5 0.00751601
6 0.00452101
7 0.00283395
8 0.00183328
9 0.00121578
10 0.000822641
11 0.000565945
12 0.000394813
13 0.000278717
14 0.000198782
15 0.000143041
16 0.00010374
17 7.57597e-05
18 5.56695e-05
19 4.11344e-05
20 3.0547e-05
21 2.27878e-05
22 1.707e-05
23 1.28353e-05
24 9.68481e-06
25 7.33104e-06
26 5.56577e-06
27 4.23719e-06
28 3.234e-06
29 2.4742e-06
30 1.89712e-06
31 1.45767e-06
32 1.1222e-06
33 8.65532e-07
34 6.68722e-07
35 5.17509e-07
36 4.01107e-07
37 3.11342e-07
38 2.42001e-07
39 1.88351e-07
40 1.46778e-07
41 1.14517e-07
42 8.94487e-08
43 6.99434e-08
44 5.4748e-08
45 4.28962e-08
46 3.36418e-08
47 2.64079e-08
48 2.07475e-08
49 1.63139e-08
50 1.28381e-08
51 1.01105e-08
52 7.96838e-09
53 6.28457e-09
54 4.95997e-09
55 3.91714e-09
56 3.09554e-09
57 2.44777e-09
58 1.93671e-09
59 1.53323e-09
60 1.21448e-09
61 9.62517e-10
62 7.63224e-10
63 6.055e-10
64 4.80605e-10
65 3.81653e-10
66 3.03213e-10
67 2.41002e-10
68 1.91638e-10
69 1.52449e-10
70 1.21324e-10
71 9.65913e-11
72 7.69304e-11
73 6.12945e-11
74 4.88544e-11
75 3.89529e-11
76 3.1069e-11
77 2.47891e-11
78 1.9785e-11
79 1.57962e-11
80 1.26154e-11
81 1.00783e-11
82 8.05376e-12
83 6.4378e-12
84 5.14754e-12
85 4.117e-12
86 3.29368e-12
87 2.63569e-12
88 2.1097e-12
89 1.68911e-12
90 1.3527e-12
91 1.08355e-12
92 8.68161e-13
93 6.95747e-13
94 5.577e-13
95 4.47143e-13
96 3.58581e-13
97 2.8762e-13
98 2.3075e-13
99 1.85163e-13
100 1.48611e-13
101 1.19299e-13
102 9.57861e-14
103 7.69222e-14
104 6.17847e-14
105 4.96351e-14
106 3.98817e-14
107 3.20505e-14
108 2.57615e-14
109 2.071e-14
110 1.66518e-14
111 1.33909e-14
112 1.07704e-14
113 8.66402e-15
114 6.97067e-15
115 5.60913e-15
116 4.5142e-15
117 3.63354e-15
118 2.9251e-15
119 2.35512e-15
120 1.89647e-15
121 1.52735e-15
122 1.23024e-15
123 9.91053e-16
124 7.98475e-16
125 6.434e-16
126 5.18509e-16
127 4.17912e-16
128 3.36873e-16
129 2.71581e-16
130 2.1897e-16
131 1.76572e-16
132 1.42399e-16
133 1.14853e-16
134 9.26456e-17
135 7.47404e-17
136 6.03022e-17
137 4.86584e-17
138 3.92669e-17
139 3.16914e-17
140 2.558e-17
141 2.06492e-17
142 1.66705e-17
143 1.34598e-17
144 1.08684e-17
145 8.77685e-18
146 7.08844e-18
147 5.72537e-18
148 4.62482e-18
149 3.73617e-18
150 3.01853e-18
151 2.43896e-18
152 1.97083e-18
153 1.59269e-18
154 1.28721e-18
155 1.04041e-18
156 8.41003e-19
157 6.79866e-19
158 5.49648e-19
159 4.44406e-19
160 3.59343e-19
161 2.90584e-19
162 2.35e-19
163 1.90063e-19
164 1.5373e-19
165 1.24351e-19
166 1.00595e-19
167 8.13823e-20
168 6.5844e-20
169 5.32762e-20
170 4.31102e-20
171 3.48864e-20
172 2.82333e-20
173 2.28506e-20
174 1.84953e-20
175 1.4971e-20
176 1.21192e-20
177 9.81115e-21
178 7.94319e-21
