1 0.658507
2 0.156598
3 0.0662047
4 0.0354239
5 0.0215656
6 0.0142457
7 0.0099558
8 0.00725066
9 0.00544951
10 0.00419883
11 0.00330087
12 0.00263837
13 0.00213844
14 0.00175393
15 0.00145336
16 0.00121507
17 0.00102383
18 0.000868691
19 0.000741632
20 0.000636679
21 0.000549322
22 0.000476108
23 0.000414363
24 0.000361992
25 0.000317342
26 0.000279091
27 0.000246178
28 0.000217744
29 0.000193087
30 0.000171629
31 0.000152896
32 0.000136491
33 0.000122085
34 0.0001094
35 9.82028e-05
36 8.82958e-05
37 7.95109e-05
38 7.17048e-05
39 6.47548e-05
40 5.85553e-05
41 5.30156e-05
42 4.80572e-05
43 4.36119e-05
44 3.96207e-05
45 3.60319e-05
46 3.28006e-05
47 2.98874e-05
48 2.72575e-05
49 2.48806e-05
50 2.273e-05
51 2.07818e-05
52 1.90153e-05
53 1.74118e-05
54 1.59548e-05
55 1.46299e-05
56 1.34238e-05
57 1.2325e-05
58 1.13231e-05
59 1.04088e-05
60 9.57391e-06
61 8.81084e-06
62 8.11295e-06
63 7.47423e-06
64 6.88927e-06
65 6.35318e-06
66 5.86159e-06
67 5.41052e-06
68 4.99639e-06
69 4.61595e-06
70 4.26627e-06
71 3.94469e-06
72 3.6488e-06
73 3.37641e-06
74 3.12552e-06
75 2.89433e-06
76 2.6812e-06
77 2.48462e-06
78 2.30323e-06
79 2.13579e-06
80 1.98115e-06
81 1.83828e-06
82 1.70624e-06
83 1.58415e-06
84 1.47123e-06
85 1.36674e-06
86 1.27002e-06
87 1.18047e-06
88 1.09752e-06
89 1.02067e-06
90 9.49434e-07
91 8.8339e-07
92 8.22138e-07
93 7.65315e-07
94 7.12583e-07
95 6.63635e-07
96 6.18186e-07
97 5.75975e-07
98 5.3676e-07
99 5.00319e-07
100 4.66448e-07
101 4.34956e-07
102 4.0567e-07
103 3.78429e-07
104 3.53083e-07
105 3.29496e-07
106 3.07541e-07
107 2.87099e-07
108 2.68063e-07
109 2.50333e-07
110 2.33814e-07
111 2.18421e-07
112 2.04075e-07
113 1.90702e-07
114 1.78233e-07
115 1.66604e-07
116 1.55758e-07
117 1.4564e-07
118 1.36199e-07
119 1.27388e-07
120 1.19164e-07
121 1.11487e-07
122 1.04318e-07
123 9.76234e-08
124 9.13705e-08
125 8.55292e-08
126 8.00717e-08
127 7.49718e-08
128 7.02054e-08
129 6.57501e-08
130 6.15849e-08
131 5.76904e-08
132 5.40485e-08
133 5.06423e-08
134 4.74562e-08
135 4.44754e-08
136 4.16864e-08
137 3.90766e-08
138 3.66341e-08
139 3.43478e-08
140 3.22076e-08
141 3.02037e-08
142 2.83275e-08
143 2.65704e-08
144 2.49247e-08
145 2.33832e-08
146 2.19391e-08
147 2.05862e-08
148 1.93185e-08
149 1.81305e-08
150 1.7017e-08
151 1.59734e-08
152 1.49951e-08
153 1.4078e-08
154 1.3218e-08
155 1.24117e-08
156 1.16554e-08
157 1.09462e-08
158 1.0281e-08
159 9.65695e-09
160 9.07151e-09
161 8.52222e-09
162 8.00682e-09
163 7.52315e-09
164 7.06924e-09
165 6.64321e-09
166 6.24331e-09
167 5.86791e-09
168 5.51548e-09
169 5.18458e-09
170 4.87387e-09
171 4.58211e-09
172 4.3081e-09
173 4.05075e-09
174 3.80903e-09
175 3.58197e-09
176 3.36867e-09
177 3.16827e-09
178 2.97999e-09
179 2.80307e-09
180 2.63682e-09
181 2.48058e-09
182 2.33374e-09
183 2.19573e-09
184 2.066e-09
185 1.94405e-09
186 1.82941e-09
187 1.72163e-09
188 1.62028e-09
189 1.525e-09
190 1.43539e-09
191 1.35113e-09
192 1.27188e-09
193 1.19734e-09
194 1.12724e-09
195 1.06129e-09
196 9.99257e-10
197 9.40897e-10
198 8.85991e-10
199 8.34332e-10
200 7.85725e-10
201 7.39986e-10
202 6.96944e-10
203 6.56439e-10
204 6.18317e-10
205 5.82437e-10
206 5.48665e-10
207 5.16876e-10
208 4.86952e-10
209 4.58781e-10
210 4.32259e-10
211 4.0729e-10
212 3.8378e-10
213 3.61643e-10
214 3.40798e-10
215 3.21168e-10
216 3.02682e-10
217 2.85273e-10
218 2.68876e-10
219 2.53433e-10
220 2.38886e-10
221 2.25184e-10
222 2.12276e-10
223 2.00116e-10
224 1.8866e-10
225 1.77868e-10
226 1.67699e-10
227 1.58118e-10
228 1.4909e-10
229 1.40583e-10
230 1.32566e-10
231 1.25011e-10
232 1.17892e-10
233 1.11182e-10
234 1.04857e-10
235 9.88961e-11
236 9.32774e-11
237 8.7981e-11
238 8.29883e-11
239 7.82817e-11
240 7.38446e-11
241 6.96615e-11
242 6.57175e-11
243 6.1999e-11
244 5.84929e-11
245 5.51869e-11
246 5.20694e-11
247 4.91297e-11
248 4.63575e-11
249 4.37432e-11
250 4.12776e-11
251 3.89522e-11
252 3.6759e-11
253 3.46904e-11
254 3.27392e-11
255 3.08987e-11
256 2.91626e-11
257 2.75248e-11
258 2.59799e-11
259 2.45224e-11
260 2.31473e-11
261 2.185e-11
262 2.0626e-11
263 1.94711e-11
264 1.83815e-11
265 1.73533e-11
266 1.63831e-11
267 1.54675e-11
268 1.46036e-11
269 1.37883e-11
270 1.30188e-11
271 1.22927e-11
272 1.16073e-11
273 1.09605e-11
274 1.035e-11
275 9.77374e-12
276 9.22982e-12
277 8.7164e-12
278 8.23175e-12
279 7.77425e-12
280 7.34237e-12
281 6.93466e-12
282 6.54975e-12
283 6.18636e-12
284 5.84328e-12
285 5.51936e-12
286 5.21353e-12
287 4.92477e-12
288 4.65211e-12
289 4.39465e-12
290 4.15154e-12
291 3.92197e-12
292 3.70519e-12
293 3.50047e-12
294 3.30713e-12
295 3.12455e-12
296 2.95212e-12
297 2.78926e-12
298 2.63545e-12
299 2.49018e-12
300 2.35296e-12
301 2.22336e-12
302 2.10094e-12
303 1.98531e-12
304 1.87608e-12
305 1.7729e-12
306 1.67543e-12
307 1.58335e-12
308 1.49637e-12
309 1.41419e-12
310 1.33656e-12
311 1.26321e-12
312 1.19391e-12
313 1.12844e-12
314 1.06658e-12
315 1.00813e-12
316 9.52902e-13
317 9.00719e-13
318 8.5141e-13
319 8.04816e-13
320 7.60788e-13
321 7.19182e-13
322 6.79864e-13
323 6.42709e-13
324 6.07596e-13
325 5.74412e-13
326 5.4305e-13
327 5.13411e-13
328 4.85398e-13
329 4.58922e-13
330 4.33899e-13
331 4.10247e-13
332 3.87892e-13
333 3.66761e-13
334 3.46788e-13
335 3.27909e-13
336 3.10063e-13
337 2.93193e-13
338 2.77246e-13
339 2.62171e-13
340 2.4792e-13
341 2.34447e-13
342 2.21711e-13
343 2.0967e-13
344 1.98287e-13
345 1.87524e-13
346 1.77349e-13
347 1.67729e-13
348 1.58633e-13
349 1.50033e-13
350 1.41901e-13
351 1.34212e-13
352 1.26942e-13
353 1.20068e-13
354 1.13568e-13
355 1.07422e-13
356 1.01609e-13
357 9.6113e-14
358 9.09155e-14
359 8.60004e-14
360 8.13522e-14
361 7.69565e-14
362 7.27994e-14
363 6.88679e-14
364 6.51498e-14
365 6.16333e-14
366 5.83074e-14
367 5.51619e-14
368 5.21868e-14
369 4.9373e-14
370 4.67115e-14
371 4.41941e-14
372 4.18131e-14
373 3.95608e-14
374 3.74305e-14
375 3.54153e-14
376 3.35091e-14
377 3.1706e-14
378 3.00003e-14
379 2.83868e-14
380 2.68604e-14
381 2.54165e-14
382 2.40505e-14
383 2.27582e-14
384 2.15357e-14
385 2.03791e-14
386 1.92849e-14
387 1.82497e-14
388 1.72703e-14
389 1.63436e-14
390 1.54669e-14
391 1.46374e-14
392 1.38526e-14
393 1.311e-14
394 1.24074e-14
395 1.17426e-14
396 1.11136e-14
397 1.05184e-14
398 9.95517e-15
399 9.42225e-15
400 8.91796e-15
401 8.44077e-15
402 7.98921e-15
403 7.56191e-15
404 7.15754e-15
405 6.77488e-15
406 6.41276e-15
407 6.07007e-15
408 5.74576e-15
409 5.43884e-15
410 5.14838e-15
411 4.87349e-15
412 4.61333e-15
413 4.36711e-15
414 4.13408e-15
415 3.91353e-15
416 3.70479e-15
417 3.50722e-15
418 3.32023e-15
419 3.14324e-15
420 2.97572e-15
421 2.81716e-15
422 2.66708e-15
423 2.52503e-15
424 2.39056e-15
425 2.26329e-15
426 2.14281e-15
427 2.02877e-15
428 1.92082e-15
429 1.81863e-15
430 1.7219e-15
431 1.63033e-15
432 1.54364e-15
433 1.46158e-15
434 1.3839e-15
435 1.31036e-15
436 1.24074e-15
437 1.17484e-15
438 1.11244e-15
439 1.05337e-15
440 9.9745e-16
441 9.44506e-16
442 8.94381e-16
443 8.46925e-16
444 8.01995e-16
445 7.59457e-16
446 7.19182e-16
447 6.81049e-16
448 6.44945e-16
449 6.10761e-16
450 5.78395e-16
451 5.47749e-16
452 5.18732e-16
453 4.91257e-16
454 4.65242e-16
455 4.40609e-16
456 4.17284e-16
457 3.95197e-16
458 3.74283e-16
459 3.5448e-16
460 3.35727e-16
461 3.1797e-16
462 3.01154e-16
463 2.8523e-16
464 2.70151e-16
465 2.55872e-16
466 2.42349e-16
467 2.29544e-16
468 2.17417e-16
469 2.05932e-16
470 1.95056e-16
471 1.84756e-16
472 1.75001e-16
473 1.65763e-16
474 1.57014e-16
475 1.48728e-16
476 1.40881e-16
477 1.33449e-16
478 1.2641e-16
479 1.19743e-16
480 1.13429e-16
481 1.07449e-16
482 1.01785e-16
483 9.64205e-17
484 9.13394e-17
485 8.65268e-17
486 8.19685e-17
487 7.76509e-17
488 7.35614e-17
489 6.96879e-17
490 6.60189e-17
491 6.25436e-17
492 5.92517e-17
493 5.61335e-17
494 5.31799e-17
495 5.03821e-17
496 4.77319e-17
497 4.52215e-17
498 4.28434e-17
499 4.05907e-17
500 3.84568e-17
501 3.64354e-17
502 3.45204e-17
503 3.27064e-17
504 3.0988e-17
505 2.936e-17
506 2.78179e-17
507 2.63569e-17
508 2.49728e-17
509 2.36617e-17
510 2.24195e-17
511 2.12427e-17
512 2.01278e-17
513 1.90716e-17
514 1.80709e-17
515 1.71229e-17
516 1.62248e-17
517 1.53738e-17
518 1.45676e-17
519 1.38038e-17
520 1.30801e-17
521 1.23945e-17
522 1.17449e-17
523 1.11294e-17
524 1.05462e-17
525 9.9937e-18
526 9.47019e-18
527 8.97417e-18
528 8.50419e-18
529 8.05888e-18
530 7.63695e-18
531 7.23715e-18
532 6.85834e-18
533 6.49939e-18
534 6.15928e-18
535 5.83701e-18
536 5.53163e-18
537 5.24227e-18
538 4.96809e-18
539 4.70827e-18
540 4.46207e-18
541 4.22878e-18
542 4.00771e-18
543 3.79822e-18
544 3.59971e-18
545 3.4116e-18
546 3.23333e-18
547 3.06441e-18
548 2.90433e-18
549 2.75262e-18
550 2.60886e-18
551 2.47263e-18
552 2.34352e-18
553 2.22117e-18
554 2.10522e-18
555 1.99534e-18
556 1.89121e-18
557 1.79252e-18
558 1.69899e-18
559 1.61035e-18
560 1.52635e-18
561 1.44674e-18
562 1.37128e-18
563 1.29978e-18
564 1.23201e-18
565 1.16777e-18
566 1.1069e-18
567 1.04921e-18
568 9.94524e-19
569 9.42698e-19
570 8.93579e-19
571 8.47024e-19
572 8.02899e-19
573 7.61078e-19
574 7.21439e-19
575 6.83869e-19
576 6.4826e-19
577 6.14508e-19
578 5.82518e-19
579 5.52195e-19
580 5.23455e-19
581 4.96213e-19
582 4.70392e-19
583 4.45917e-19
584 4.22718e-19
585 4.00728e-19
586 3.79885e-19
587 3.60127e-19
588 3.41399e-19
589 3.23647e-19
590 3.0682e-19
591 2.9087e-19
592 2.7575e-19
593 2.61417e-19
594 2.47831e-19
595 2.34953e-19
596 2.22745e-19
597 2.11172e-19
598 2.00202e-19
599 1.89802e-19
600 1.79944e-19
601 1.70599e-19
602 1.6174e-19
603 1.53342e-19
604 1.45381e-19
605 1.37834e-19
606 1.30679e-19
607 1.23897e-19
608 1.17467e-19
609 1.11371e-19
610 1.05593e-19
611 1.00114e-19
612 9.49208e-20
613 8.99971e-20
614 8.53292e-20
615 8.09039e-20
616 7.67085e-20
617 7.27311e-20
618 6.89602e-20
619 6.53852e-20
620 6.19959e-20
621 5.87825e-20
622 5.5736e-20
623 5.28477e-20
624 5.01093e-20
625 4.7513e-20
626 4.50515e-20
627 4.27177e-20
628 4.0505e-20
629 3.84072e-20
630 3.64182e-20
631 3.45323e-20
632 3.27443e-20
633 3.1049e-20
634 2.94416e-20
635 2.79176e-20
636 2.64726e-20
637 2.51025e-20
638 2.38034e-20
639 2.25717e-20
640 2.14038e-20
641 2.02965e-20
642 1.92465e-20
643 1.8251e-20
644 1.7307e-20
645 1.64119e-20
646 1.55632e-20
647 1.47584e-20
648 1.39954e-20
649 1.32718e-20
650 1.25857e-20
651 1.19351e-20
652 1.13183e-20
653 1.07333e-20
654 1.01786e-20
655 9.65269e-21
656 9.15395e-21
657 8.68102e-21
658 8.23256e-21
659 7.80731e-21
660 7.40405e-21
661 7.02166e-21
662 6.65904e-21
